00000000000000000000
00000000000000000000
00000000000000000000
00000000000000000000
00000100100000000000
00000001110000000000
00000011010000000000
00000100000000000000
00000111000000000000
00000000000000000000
00000000000000000000
00000000000000000000
00000000000000000000
00000000000000000000
00000000000000000000
00000000000000000000
00000000000000000000
00000000000000000000
00000000000000000000
00100000000000000000
10111000000000000000
00000000000000000000
00000000000000000000
00000000000000000000
00000000000000000000
00000000000000000000
00000000000000000000
00000000000000000000
00000000000000000000
00000000000000000000
00000100110000000000
00000110110000000000
00000101010000000000
00000111101101100000
00000000000000000000
00000000000000000000
00000100100000000000
00000011110000000000
00000001000000000000
00000000000000000000
00000000000000000000
00000000000000000000
00000000000000000000
00000000000000000000
00000000000111100000
00000000000000000000
00000000000000000000
00000000000000000000
00000000000000000000
00000000000000000000
00000000000000000000
00000000000000000000
00000000000000000000
00000000000000010011
00000010110000101101
00000101111111010110
00000101010000001001
00000011110000000000
00000001111110100000
01100110100000000000
01101001110000000000
00000101110000000000
00000000000000000000
00000000000000000000
00000000000000000000
00000000000000001011
00000000000000011011
00000011100000011001
01000011100000000000
10010011010000000000
00111001110000000000
11101100110000000000
00111110110000000000
11000111010000000000
01110011110000000000
10101000000000000000
11101000000000000000
00000000000000000000
00000000000000000000
00000000000000000000
00000000000000000000
00000000000000000000
01111000000000000000
00000000000000000000
10001000000000000000
00000000000000000000
01110000000101100000
00000000000111000000
00000000001001100000
00000000000010100000
00000000000101100000
00000000000000000000
00000000000000000000
00000000000000000000
00000000000000000000
00000000000000000000
00000000000000000000
00000000000000000000
01111000000000000000
10011000000000010001
00000000000000011011
00000011110000000000
00000100110000000000
00000101010000000000
00000011100000000000
00000001010000000000
00000110100000000000
00000000000000000000
00000000000000000000
00000000000000011110
00000000000000010110
00000000000000011010
00000000000000001011
00000000000000001110
00000000000000001101
00000000000000000000
00000000000000000000
00000011001001100000
00000000000111100000
01111000000110100000
10011000001110100000
11011000001101100000
10010000000000000000
10101000001110100000
11110000001100100000
10101000000000000000
10101000000000000000
01101011100000000000
11101001110000000000
10111010110000000000
01111110011101000000
11110111010000000000
11110011110000000000
01011011110000000000
00000010110000000000
00000000000000000000
00000000000000000000
00000000000000000000
00000000000000000000
00000000000000000000
00000110110000000000
00000011010000000000
00000110010000000000
00000011110000011110
00000011110000001110
00000000000000000000
00000000000000000000
00000000000000000000
00000000000000000000
11000000000111000000
00000000001110000000
00000000000000001100
00000000000000001011
00000000000000001111
00000000000000010100
00000010000000001110
00000011010000011001
00000101100000000111
00000111000000000000
00000000000000000000
00000000000000000000
00000000000000000000
00000000000000000000
00000000000000000000
00000000000000000000
00000000000000000000
10101000000000000000
10000000000000000000
00000000000000000000
00000000000000000000
00000000001110000000
00000000001101100000
00000000001011000000
00000000000000000000
00000110100000000000
00000011010000000000
00000011010000000000
00000100100000000000
00000011100000000000
00000001110000000000
00000000000000000000
00000000000000000000
00000000000000000000
01111000000000000000
00100000000000000000
00000000000000000000
00000000000000000000
00000000000000010110
00000000000000011100
00000000000000000011
00000000000000000000
00000000000000000000
00000000000000000000
00000000001000000000
00000000000000000000
00000000000000000000
00000000000000000000
00000000000000000000
00000000000000000000
00000000000000000000
00000000000000000000
00000000000000000000
00000000000000000000
00000000000000000000
00000000000000000000
00000000000000000000
00000000000000000000
00000000000000000000
00000100000000000000
00000000000000000000
00000000000000010110
00000000000110110111
00000101101100001101
00000101000000010011
00000111100000010000
00000011100000000000
00000101010000000000
00000000000000000000
00000000000000000000
00000000000000000000
00000000000000000000
00000000001001100000
00000101010000010011
00000101110000000000
00000001010000000000
00000001010000000000
00000001110000000000
00000011100000000000
00000011010000000000
00000000000000000000
00000011100000000000
00000011010000000000
10011110100000000000
00000001110000000000
00000111010000000000
00000000000000000000
00000101100000000000
00000011100000000000
00000101110000000000
00000000001011000000
00000000001001100000
00000000000000000000
00000110110000000000
00000111100000000000
00000110000000000000
00000000000000000000
00000000000000000000
00000000000000000000
00000110100000000000
00000001010000000000
00000111000000000000
00000101111001100000
00000011110010000000
00000110100000000000
00000000000000011001
00000000000000011010
00000000000000000011
00000000010000000000
00000000000000000000
00000000000000000000
00000000000000000000
00000000000000000000
00000000000000000100
00000000000000000000
00000000000000000000
00000101100010100000
00000010001111000000
00000000001101000000
00000000001011100000
00000000001010100000
00000000101000000000
00000000001101000000
00000000000011100000
00000011101110100000
00000011011101100000
00000101000000100000
00000101110000000000
00000000000000000000
00000000000000000000
00000000000000000000
00000000000000000000
00000000000000000000
00000000000000000000
00000000000000000000
00000000000110100000
00000000000111000000
00000000000111100000
00000000001110100000
00111000000000000000
10100000000000000000
11110000000000000000
11001000000000000000
01110000001010100000
10110000001101100000
11110000000111100000
00101000001101101100
10101000001011101011
00000000000101011000
00000000000000000000
00000000000000000000
00000000000000000000
00000000000000000000
00000000000000000000
00000000000000000000
00000000000000000000
00000000000000000000
00000000000000000000
00000000000000000000
00000000000000000000
00000000000000000000
00000000000000000000
00000000000000000000
00000000000000000000
00000000000000000000
00000000000000001011
00000000000000000000
00000000000000000000
00000000000000000000
00000000000000000000
00000000000000001001
00000000000000010111
00000000000000011001
00000000000000000111
00000000000000011110
00000001000000001011
00000000000000000000
00000000000000000000
00000000000000000000
00000000000000000000
00000000000000000000
00000000000000000000
00000000000000000000
11001000000101001011
00110000001001111000
11000000000111101011
10011000000000000000
11100000000000000000
00001000000000000000
10101000000000000000
11000000000000000111
10111000000000011100
00000000000000011101
00000111100000011110
00000011100000000000
00000111010000000000
00000001110000000000
00000111000000000000
00000000000011000000
00000000001100100000
00000000000101100000
00000000001011000000
00000000000000000000
00000000000000000000
00000000000000010110
00000000001111010011
00000111011101100000
00000110101101100000
00000110110111100000
00000010110110100000
00000010110101100000
00000001110100000000
00000110111110000000
00000011101011100000
00000111011110000000
00000010000111100000
00000101110000000000
00000101010000000000
00000110100000000000
00000000000000000000
00000000000000000000
00000000000000000000
00100000000000000000
00000000000000000000
00000011010000000000
00000011110000000000
00000010110000000000
00000010110000000000
11110101010000000000
01110111000000000000
01111100110000000000
10110110110000000000
00000001110000000000
00000101010000001111
00000110110000001010
00000011010000000000
00000100110000000000
00000000000000000000
00000000000000001011
00000000000000000110
11000000000000000000
00000000000000010010
00000000000000000000
00000000000000000000
00000000000000000000
00000000000000000000
00000000000000000000
00000000000000000000
10010000000000000000
00000000000000000000
00000000000000000000
00000000000000001011
00000000000000000000
00000000000000000000
00000000000000000000
00000000000000000000
00000000000000000000
00000000000000011011
00000000000011101100
00000000000110100000
00000000001100000000
00000000000111000000
00000000000000000000
00101000000000000000
10011000000000000000
01110000001011000000
00000011101101000000
01110001110000000000
01101111010000000000
11100000000001000000
10111000000110000000
10001000001011100000
00000000001101000000
00000000001110100000
00000000001101100000
00000000001101100000
00000000000000000000
00000000000000000000
00000000000000000000
00000000000000000000
00000000000000000000
00000000000000000000
00000000000000000000
00000000000000000000
00000000000000000000
00000000000000000000
00000000000000000000
00000000000000000000
00000000000000000000
00100000001011000000
11001000001101000000
11010000000110100000
00000000001110000000
00000000000000000000
00000000000000000000
00000101110000001011
00000010100111000000
00000101110111000000
00000010101110000000
00000101000110100000
00000101111010000000
00000011011010100000
10110110011011100000
10100001111001100000
11010101101110000000
00000010000101100000
00000111100111000000
00000011010000000000
00000011100000000000
00000111000100000000
00000000001100100000
00000000000110100000
00000000000000000000
00000000000000000000
00000000000000000000
00000000000000000000
00000000000000000000
00000011000000000000
00000000000000000000
00000000000000000000
00000000000000000000
00000000000000000000
00000000000000000000
10110000000000000000
00000000000000000000
00000000000000000000
00000000000000000000
00000000000000000000
00000000000000000000
00000000000000000000
00000000000000000000
00000100110000000000
00000011010000011110
00000000000000000010
00000000000000000110
00000000000000010101
00000000000000000000
00000000000000000000
00000000000000000000
00000000000000010101
00000000000000011110
00000000000000000000
00000000000000000000
10111000000000000000
10110000000000000000
10011000000000000000
00101000000000000000
01011001000000000000
10111001000000000000
11110100110000000000
00110110100000000000
10111010110000000000
01110000000000000000
01111000000000000000
11010000000000000000
10101000000000000000
11100000000000001000
01101101100000010011
10100110010000001010
11100001100000001000
11100000000000011001
10101000001001111100
00111000000011110110
10010000000000011001
00000000000000010111
00000000000000000000
00111000000000000000
01110000000000000000
11011000000000000000
00000000000000000000
00000000000000000000
00000000000000010010
00000000000000001011
00000000000000001110
00000000000000000000
00000000000000000000
00000000000000000000
00000000000000000000
00000000000000000000
00000000000000000000
00000000000000000000
00000000000000000000
00000000000000000000
00000000000000000000
00000000000000000000
00000000000000000000
00000000000000000000
00000000000000000000
00000000000000000000
00000000000000000000
00000000000000000000
00000000000000000000
00000000000000000000
00000000000000000000
00000000000000000000
00000000000000000000
00000000000000000000
00000110100000000000
00000111010000000000
00000111100000000000
00000011100000010011
00000000000000011100
11001000000000011101
11011000000000000000
01111000000000011000
10010000000000001011
10111000000000000000
01110000000000000000
11010000000000000000
10101000000000000000
11100000000000001111
11100000000000001011
01010000000000000000
10101000000000000000
11001000000000000000
01011000000000011100
01100000000000001110
00101000000000000000
00000000000000000000
00000000000000000000
00000000000001000000
00000000000010000000
00000000001101100000
00000000001001000000
00000000001101100000
00000000001110100000
00000000000111100000
00000000000000000000
00000000000000000000
00000000000000000000
00000011010000000000
00000101100000000000
11011011110000000000
00111000000000000000
01100000000000000000
01100000000000000000
00000000000000000000
00000000000000000000
00000000000000000000
00000000000000000000
00000000000000001101
10101000000000000000
10000000000000000000
10111000000000000000
11100000000000000000
00111000001110100000
00000000001000000000
00000000000000000000
00000000000000000000
00000000000000000000
00000000000000000000
00000000000000000000
00000000000000000000
00000000000000000000
00000000000000000000
00000000000000000000
00000000000000000000
00000000000000010011
11110100100000000000
10000000000000000000
00000000000000000000
00000000000000000000
00000000000000000000
00000000000000000000
00000000000000000000
00000000000000000000
00000000000000000000
00000000000000000000
00000000000000000000
00000001110000000000
00000001000000000000
00000000000000000000
00000000000000000000
00000000001101000010
00000000001110100000
00000000000000100000
00000000000000011010
00000000000000001011
00000000000000001101
00000110000000000011
00000111000000001110
00000000000000001110
11100000000000000000
00000000000000000000
00000000000000000000
00000000000000000000
00000000000000000000
00000000000000000000
00000000000000000000
11100000000000000000
10000000000000000000
00000000000000000000
00000000000000000000
00000010010000000000
00000110111001100000
00000100100011000000
00000000000000000000
00000000000000000000
00000000000000000000
00000000001010000000
00000000001110000000
00000000000010100000
00000000001010000000
00000000000000000000
00000000001010100000
00000000001101000000
00000000001001100000
00000000000010100000
00000000000011100000
00000000000000000000
00000000000000000000
10110000000000000000
10001000000000000000
00111000000000000000
10110000000000000000
11101000001011100000
11001000000111100000
01000000001100100000
01111000000011100000
00000000000000000000
00000000001000000000
00000000001011000000
00000000001101100000
00000000000011100000
00000000000000000000
00000000000000000000
00000000000000000000
00000000000000000000
00000000000000000000
00000000000000000000
00000000000000000000
00000001110111000000
00000111100000000000
00111111101100100000
00000101010110100000
00000111100100111001
00000111101010111010
00000101010101111100
00000010000101111001
00000101100000011110
00000000000000001101
00000000000000011010
01110000000000000000
00000000000000000000
00000000000000000000
00000000000000000000
00000000000000000000
00000000000000000000
00000000000000000000
00000000000000000000
00000000000000000000
00000000000000000000
00000000000000000000
00000000000000000000
00000100010000010000
00000011010000000101
00000010010000001100
00000000000000001101
00000000000000001101
00000111000000001101
00000111010000011101
00000100110000001001
00000011100000000000
00000101100000001101
11011101110000000000
10010000000000001011
11001000000000000000
00111000000000000000
11011000000000000000
11100000000000000000
11101001110000000000
10110101100000000000
10000000100000000000
10101011010000000000
10110000000000000010
11100000000000000010
00011000000000000110
01000000000000011001
10000000000000010000
10100000000000001111
00000000000000000000
00000000000000000000
11101000000000000000
11101000000000000000
11010000000000000000
10100000000000000000
00000101010000000000
00000001110000000000
00000011110000000000
00000010110000000000
00000111000000000000
00000011010000000000
11010111000000000000
00000000000000000000
00000000000000000000
00000000000000000000
00000000000000000000
00000000000000010000
00000000000000001111
00000000000000000000
00000000000000010111
00000101110000010011
00000101100000010001
00000000000000001000
00000000000000001011
00000000000000011010
00000000000000010111
00000000000000010111
00000000000000011011
00000000000000001101
00000000000000011001
00000000000000000000
00000000000000000000
01011011110000000000
11101101010000000000
01000001000000000000
11001000100000000000
10011111010000000000
01101100110000000000
01111101010000000000
11010001000000000000
10011000100000000000
00000101110000000000
00000110110000000000
00000010000000000000
00000011110110100000
00000000000011100000
00000000001001100000
00000000001011000000
00000000000111000000
00000000000000000000
00000000000011100000
00000000000101100000
00000000001001100000
00000000001000000000
00000011000101000000
11100000000111100000
00000000000000000000
00000000000000000000
00000000000110100000
00000000001111000000
00000000001000000000
00000000000111100000
00101000001101100000
11001000000000000011
11100000000000011101
10010000000000010101
01011000000000011011
11010000000000000111
00101000000000010111
01110000000000001011
00000000000000000111
00000000000000011001
00000010010000010100
00000101110000001101
00000000000000000000
00000000000000000000
00000000000000000000
00000000000000000000
00000011010000000000
00000010110000000000
00000010110000000000
00000001110000000000
00000011010000000000
00000001010000000000
00000011110000000000
00000000000000000000
00000000000000000000
00000000000000000000
00000000001000100000
00000000000000100000
00000000000000000000
00000000000000000000
00000000000000000000
00000000000000000000
00000000000000000000
00000000000000000000
00000000000000000000
00000000000000000000
00000000000000000000
00000000000000000000
00000000000000000000
00000000000000000000
00000000000000000000
00000000000000000000
00000000000000000000
00000000000000000000
00000000000000011110
00000000000000000000
00000000001110000000
00000000001111000000
00000000001111000000
00000000001110000000
00000000000000000000
00000000000000000000
00000000000000000000
00000000000000000000
00000000000000000000
00000000000000000000
00000001110000000000
00000000000000000000
00000000000000000000
00000000000000000000
00000000000000000000
00000000000000000000
00000000000000000000
11010000000000000000
11000000000000000000
10110000000000000000
01001000000000000000
11101000000000000000
10110000000000000000
00100100000000000000
01001101100000001100
01110100110000011010
01101000000000000000
01011000000000001010
11001000000000001111
11001000000000010110
10110000000000011001
10111000000000011101
11011111100000010000
10110100110000000000
11100010010000000000
01110000000000000000
01001000000000000000
00000000000000000000
00000000000000000000
00000000000000000000
00000000000000000000
00111000000000000000
11100000000000000000
00111010110000000000
00111011110101000000
11011100111111000000
00000010101001100000
00000111101011100000
00000011110110100000
00000000000000000000
00000000000000000000
00000111100000000000
00000101110000000000
00000000000000000000
00000000000000000000
00000000000000000000
00000000000000000000
00000000000000000000
00000000000000000000
00000000000000000000
00000000000000000000
00000000000000000000
00000000000000000000
00000000000000000000
00000000000000000000
00000000000000000000
00000000000000000000
00000000000000000000
00000000000000000000
00000000000000000000
00000000000000000000
00000000000000000000
00000000000000000000
00000000000000000000
00000000000000000000
00000110100000000000
00000011100000000000
00000011110000000000
00000000100000000000
00000000000000000000
00000000000000011100
00000000000000001111
00000000000000010000
00000000000000011100
00000000000000011100
00000000000000000000
00000000000000000000
00000000000000000000
00000000000000000000
00000000000000000000
00000000000000000000
00000000000000000000
00000000000000000000
00000000000000000000
00000000000000000000
00000000000000000000
00000000000000000000
00000000000000000000
00000000000000000000
00000000000000000000
00000000000000000000
00000000000000011101
00000000000000011100
00000000000000010110
00000000000000001101
00000000000000011100
00000000000000011101
00000000000000011001
00000000000000010000
00000000000000000000
00000000000000000000
00000000000000000000
00000000000000000000
00000000000000000000
00000000000011100000
00000000000001100000
00000000000000000000
00000000000000000000
00000000000000000000
00000000000000000000
00000000000000000000
00000000001100100000
00000000000011100000
00000000000000000000
00000000000000000000
00000000000000000000
00000000000000000000
00000000000000000000
00000000000000000000
10000110110000000000
10011101000000000000
00000110010000000000
00000000000000011100
00000000000000000000
00000000000000000000
00000000000000000000
01001000000000000000
00001000000000000000
01011000000000000000
11100000000000000000
11110000000000000000
11011000000000000000
11100000000000000000
00011000000000000000
10111000000000000000
00000000000000000000
00000000000000000000
00000000000000000000
00000000000000000000
00000000000000000000
00000000000000000000
00000000000000000000
11001000000000000000
01111000000000000000
11100000000000000000
01111000000000000000
10111000000000000000
00000000000000000000
10011000000000000000
11010000000000000000
11100000000000000000
00000000010000000000
